1,0,0000,   1.9,0.3,1,2000-01-01 00:04:27
1,0,0001,  -1.3,-0.2,1,2000-01-01 00:04:42
1,0,0002,   2.0,0.3,1,2000-01-01 00:04:43
1,0,0000,   1.9,0.3,1,2000-01-01 00:04:27
1,0,0001,  -1.3,-0.2,1,2000-01-01 00:04:42
1,0,0002,   2.0,0.3,1,2000-01-01 00:04:43
1,0,0000,   1.9,0.3,1,2000-01-01 00:04:27
1,0,0001,  -1.3,-0.2,1,2000-01-01 00:04:42
1,0,0002,   2.0,0.3,1,2000-01-01 00:04:43
1,0,0000,   1.9,0.3,1,2000-01-01 00:04:27
1,0,0001,  -1.3,-0.2,1,2000-01-01 00:04:42
1,0,0002,   2.0,0.3,1,2000-01-01 00:04:43
1,0,0000,   1.9,0.3,1,2000-01-01 00:04:27
1,0,0001,  -1.3,-0.2,1,2000-01-01 00:04:42
1,0,0002,   2.0,0.3,1,2000-01-01 00:04:43
1,0,0000,   1.9,0.3,1,2000-01-01 00:04:27
1,0,0001,  -1.3,-0.2,1,2000-01-01 00:04:42
1,0,0002,   2.0,0.3,1,2000-01-01 00:04:43